Мясные продукты

Продукт	        Вода, г	Белки, г	Жиры, г	Углеводы, г	Калорийность,ккал на 100 гр
Баранина	    67,6	16,3	     15,3	  0,0	        203
Говядина	    67,7	18,9	     12,4	  0,0	        187
Конина	        72,5	20,2	     7,0	  0,0	        143
Кролик	        65,3	20,7	     12,9	  0,0	        199
Свинина нежирная54,8	16,4	     27,8	  0,0	        316
Свинина жирная	38,7	11,4	     49,3	  0,0	        489
Телятина	    78,0	19,7	         1,2	  0,0	        90

РЫБА И МОРЕПРОДУКТЫ
Продукт	Вода, г	Белки, г	Жиры, г	Углеводы, г	Калорийность,
 ккал на 100 гр
Бычки	70,8	12,8	8,1	5,2	145
Горбуша	70,5	21	7	0	147
Камбала	79,5	16,1	2,6	0	88
Карась	78,9	17,7	1,8	0	87
Карп	79.1	16	3.6	0	96
Кета	71.3	22	5.6	0	138
Корюшка	79.8	15.5	3.2	0	91
Ледяная	81.8	15.5	1.4	0	75
Лещ	77.7	17.1	4.1	0	105
Семга	62.9	20.8	15.1	0	219

КРУПЫ
Продукт	Вода, г	Белки, г	Жиры, г	Углеводы, г	Калорийность,
ккал на 100 гр
Гречневая ядрица	14,0	12,6	2,6	68,0	329
Гречневая продел	14,0	9,5	1,9	72,2	326
Манная	14,0	11,3	0,7	73,3	326
Овсяная	12,0	11,9	5,8	65,4	345
Перловая крупа	14,0	9,3	1,1	73,7	324
Пшено	14,0	12,0	2,9	69,3	334
Рисовая	14,0	7,0	0,6	73,7	323
Пшеничная “Полтавская”	14,0	12,7	1,1	70,6	325
Толокно	10,0	12,2	5,8	68,3	357
Ячневая	14,0	10,4	1,3	71,7	322
Геркулес	12,0	13,1	6,2	65,7	355
Кукурузная	14,0	8,3	1,2	75,0	325

